DEV  \\?\hid#mshw0485&col01#3&3b13a23&0&0000#{4d1e55b2-f16f-11cf-88cb-001111000030}
  usagePage=0xFF0B usage=0x0B inputLen=7488 featureLen=511 featBtnCaps=1 featValCaps=0
  feature reports that respond:
    --- report id 41 (0x29), 511 bytes ---
      000  29 00 00 00 00 00 00 00 00 00 00 00 00 00 00 00 
      010  00 00 00 00 00 00 00 00 00 00 00 00 00 00 00 00 
      020  00 00 00 00 00 00 00 00 00 00 00 00 00 00 00 00 
      030  00 00 00 00 00 00 00 00 00 00 00 00 00 00 00 00 
      040  00 00 00 00 00 00 00 00 00 00 00 00 00 00 00 00 
      050  00 00 00 00 00 00 00 00 00 00 00 00 00 00 00 00 
      060  00 00 00 00 00 00 00 00 00 00 00 00 00 00 00 00 
      070  00 00 00 00 00 00 00 00 00 00 00 00 00 00 00 00 
      080  00 00 00 00 00 00 00 00 00 00 00 00 00 00 00 00 
      090  00 00 00 00 00 00 00 00 00 00 00 00 00 00 00 00 
      0a0  00 00 00 00 00 00 00 00 00 00 00 00 00 00 00 00 
      0b0  00 00 00 00 00 00 00 00 00 00 00 00 00 00 00 00 
      0c0  00 00 00 00 00 00 00 00 00 00 00 00 00 00 00 00 
      0d0  00 00 00 00 00 00 00 00 00 00 00 00 00 00 00 00 
      0e0  00 00 00 00 00 00 00 00 00 00 00 00 00 00 00 00 
      0f0  00 00 00 00 00 00 00 00 00 00 00 00 00 00 00 00 
      100  00 00 00 00 00 00 00 00 00 00 00 00 00 00 00 00 
      110  00 00 00 00 00 00 00 00 00 00 00 00 00 00 00 00 
      120  00 00 00 00 00 00 00 00 00 00 00 00 00 00 00 00 
      130  00 00 00 00 00 00 00 00 00 00 00 00 00 00 00 00 
      140  00 00 00 00 00 00 00 00 00 00 00 00 00 00 00 00 
      150  00 00 00 00 00 00 00 00 00 00 00 00 00 00 00 00 
      160  00 00 00 00 00 00 00 00 00 00 00 00 00 00 00 00 
      170  00 00 00 00 00 00 00 00 00 00 00 00 00 00 00 00 
      180  00 00 00 00 00 00 00 00 00 00 00 00 00 00 00 00 
      190  00 00 00 00 00 00 00 00 00 00 00 00 00 00 00 00 
      1a0  00 00 00 00 00 00 00 00 00 00 00 00 00 00 00 00 
      1b0  00 00 00 00 00 00 00 00 00 00 00 00 00 00 00 00 
      1c0  00 00 00 00 00 00 00 00 00 00 00 00 00 00 00 00 
      1d0  00 00 00 00 00 00 00 00 00 00 00 00 00 00 00 00 
      1e0  00 00 00 00 00 00 00 00 00 00 00 00 00 00 00 00 
      1f0  00 00 00 00 00 00 00 00 00 00 00 00 00 00 00 
    --- report id 42 (0x2A), 511 bytes ---
      000  2a 00 00 00 00 00 00 00 00 00 00 00 00 00 00 00 
      010  00 00 00 00 00 00 00 00 00 00 00 00 00 00 00 00 
      020  00 00 00 00 00 00 00 00 00 00 00 00 00 00 00 00 
      030  00 00 00 00 00 00 00 00 00 00 00 00 00 00 00 00 
      040  00 00 00 00 00 00 00 00 00 00 00 00 00 00 00 00 
      050  00 00 00 00 00 00 00 00 00 00 00 00 00 00 00 00 
      060  00 00 00 00 00 00 00 00 00 00 00 00 00 00 00 00 
      070  00 00 00 00 00 00 00 00 00 00 00 00 00 00 00 00 
      080  00 00 00 00 00 00 00 00 00 00 00 00 00 00 00 00 
      090  00 00 00 00 00 00 00 00 00 00 00 00 00 00 00 00 
      0a0  00 00 00 00 00 00 00 00 00 00 00 00 00 00 00 00 
      0b0  00 00 00 00 00 00 00 00 00 00 00 00 00 00 00 00 
      0c0  00 00 00 00 00 00 00 00 00 00 00 00 00 00 00 00 
      0d0  00 00 00 00 00 00 00 00 00 00 00 00 00 00 00 00 
      0e0  00 00 00 00 00 00 00 00 00 00 00 00 00 00 00 00 
      0f0  00 00 00 00 00 00 00 00 00 00 00 00 00 00 00 00 
      100  00 00 00 00 00 00 00 00 00 00 00 00 00 00 00 00 
      110  00 00 00 00 00 00 00 00 00 00 00 00 00 00 00 00 
      120  00 00 00 00 00 00 00 00 00 00 00 00 00 00 00 00 
      130  00 00 00 00 00 00 00 00 00 00 00 00 00 00 00 00 
      140  00 00 00 00 00 00 00 00 00 00 00 00 00 00 00 00 
      150  00 00 00 00 00 00 00 00 00 00 00 00 00 00 00 00 
      160  00 00 00 00 00 00 00 00 00 00 00 00 00 00 00 00 
      170  00 00 00 00 00 00 00 00 00 00 00 00 00 00 00 00 
      180  00 00 00 00 00 00 00 00 00 00 00 00 00 00 00 00 
      190  00 00 00 00 00 00 00 00 00 00 00 00 00 00 00 00 
      1a0  00 00 00 00 00 00 00 00 00 00 00 00 00 00 00 00 
      1b0  00 00 00 00 00 00 00 00 00 00 00 00 00 00 00 00 
      1c0  00 00 00 00 00 00 00 00 00 00 00 00 00 00 00 00 
      1d0  00 00 00 00 00 00 00 00 00 00 00 00 00 00 00 00 
      1e0  00 00 00 00 00 00 00 00 00 00 00 00 00 00 00 00 
      1f0  00 00 00 00 00 00 00 00 00 00 00 00 00 00 00 
    --- report id 43 (0x2B), 511 bytes ---
      000  2b 00 00 00 00 00 00 00 00 00 00 00 00 00 00 00 
      010  00 00 00 00 00 00 00 00 00 00 00 00 00 00 00 00 
      020  00 00 00 00 00 00 00 00 00 00 00 00 00 00 00 00 
      030  00 00 00 00 00 00 00 00 00 00 00 00 00 00 00 00 
      040  00 00 00 00 00 00 00 00 00 00 00 00 00 00 00 00 
      050  00 00 00 00 00 00 00 00 00 00 00 00 00 00 00 00 
      060  00 00 00 00 00 00 00 00 00 00 00 00 00 00 00 00 
      070  00 00 00 00 00 00 00 00 00 00 00 00 00 00 00 00 
      080  00 00 00 00 00 00 00 00 00 00 00 00 00 00 00 00 
      090  00 00 00 00 00 00 00 00 00 00 00 00 00 00 00 00 
      0a0  00 00 00 00 00 00 00 00 00 00 00 00 00 00 00 00 
      0b0  00 00 00 00 00 00 00 00 00 00 00 00 00 00 00 00 
      0c0  00 00 00 00 00 00 00 00 00 00 00 00 00 00 00 00 
      0d0  00 00 00 00 00 00 00 00 00 00 00 00 00 00 00 00 
      0e0  00 00 00 00 00 00 00 00 00 00 00 00 00 00 00 00 
      0f0  00 00 00 00 00 00 00 00 00 00 00 00 00 00 00 00 
      100  00 00 00 00 00 00 00 00 00 00 00 00 00 00 00 00 
      110  00 00 00 00 00 00 00 00 00 00 00 00 00 00 00 00 
      120  00 00 00 00 00 00 00 00 00 00 00 00 00 00 00 00 
      130  00 00 00 00 00 00 00 00 00 00 00 00 00 00 00 00 
      140  00 00 00 00 00 00 00 00 00 00 00 00 00 00 00 00 
      150  00 00 00 00 00 00 00 00 00 00 00 00 00 00 00 00 
      160  00 00 00 00 00 00 00 00 00 00 00 00 00 00 00 00 
      170  00 00 00 00 00 00 00 00 00 00 00 00 00 00 00 00 
      180  00 00 00 00 00 00 00 00 00 00 00 00 00 00 00 00 
      190  00 00 00 00 00 00 00 00 00 00 00 00 00 00 00 00 
      1a0  00 00 00 00 00 00 00 00 00 00 00 00 00 00 00 00 
      1b0  00 00 00 00 00 00 00 00 00 00 00 00 00 00 00 00 
      1c0  00 00 00 00 00 00 00 00 00 00 00 00 00 00 00 00 
      1d0  00 00 00 00 00 00 00 00 00 00 00 00 00 00 00 00 
      1e0  00 00 00 00 00 00 00 00 00 00 00 00 00 00 00 00 
      1f0  00 00 00 00 00 00 00 00 00 00 00 00 00 00 00 
    --- report id 44 (0x2C), 511 bytes ---
      000  2c 00 00 00 00 00 00 00 00 00 00 00 00 00 00 00 
      010  00 00 00 00 00 00 00 00 00 00 00 00 00 00 00 00 
      020  00 00 00 00 00 00 00 00 00 00 00 00 00 00 00 00 
      030  00 00 00 00 00 00 00 00 00 00 00 00 00 00 00 00 
      040  00 00 00 00 00 00 00 00 00 00 00 00 00 00 00 00 
      050  00 00 00 00 00 00 00 00 00 00 00 00 00 00 00 00 
      060  00 00 00 00 00 00 00 00 00 00 00 00 00 00 00 00 
      070  00 00 00 00 00 00 00 00 00 00 00 00 00 00 00 00 
      080  00 00 00 00 00 00 00 00 00 00 00 00 00 00 00 00 
      090  00 00 00 00 00 00 00 00 00 00 00 00 00 00 00 00 
      0a0  00 00 00 00 00 00 00 00 00 00 00 00 00 00 00 00 
      0b0  00 00 00 00 00 00 00 00 00 00 00 00 00 00 00 00 
      0c0  00 00 00 00 00 00 00 00 00 00 00 00 00 00 00 00 
      0d0  00 00 00 00 00 00 00 00 00 00 00 00 00 00 00 00 
      0e0  00 00 00 00 00 00 00 00 00 00 00 00 00 00 00 00 
      0f0  00 00 00 00 00 00 00 00 00 00 00 00 00 00 00 00 
      100  00 00 00 00 00 00 00 00 00 00 00 00 00 00 00 00 
      110  00 00 00 00 00 00 00 00 00 00 00 00 00 00 00 00 
      120  00 00 00 00 00 00 00 00 00 00 00 00 00 00 00 00 
      130  00 00 00 00 00 00 00 00 00 00 00 00 00 00 00 00 
      140  00 00 00 00 00 00 00 00 00 00 00 00 00 00 00 00 
      150  00 00 00 00 00 00 00 00 00 00 00 00 00 00 00 00 
      160  00 00 00 00 00 00 00 00 00 00 00 00 00 00 00 00 
      170  00 00 00 00 00 00 00 00 00 00 00 00 00 00 00 00 
      180  00 00 00 00 00 00 00 00 00 00 00 00 00 00 00 00 
      190  00 00 00 00 00 00 00 00 00 00 00 00 00 00 00 00 
      1a0  00 00 00 00 00 00 00 00 00 00 00 00 00 00 00 00 
      1b0  00 00 00 00 00 00 00 00 00 00 00 00 00 00 00 00 
      1c0  00 00 00 00 00 00 00 00 00 00 00 00 00 00 00 00 
      1d0  00 00 00 00 00 00 00 00 00 00 00 00 00 00 00 00 
      1e0  00 00 00 00 00 00 00 00 00 00 00 00 00 00 00 00 
      1f0  00 00 00 00 00 00 00 00 00 00 00 00 00 00 00 
    --- report id 45 (0x2D), 511 bytes ---
      000  2d 00 00 00 00 00 00 00 00 00 00 00 00 00 00 00 
      010  00 00 00 00 00 00 00 00 00 00 00 00 00 00 00 00 
      020  00 00 00 00 00 00 00 00 00 00 00 00 00 00 00 00 
      030  00 00 00 00 00 00 00 00 00 00 00 00 00 00 00 00 
      040  00 00 00 00 00 00 00 00 00 00 00 00 00 00 00 00 
      050  00 00 00 00 00 00 00 00 00 00 00 00 00 00 00 00 
      060  00 00 00 00 00 00 00 00 00 00 00 00 00 00 00 00 
      070  00 00 00 00 00 00 00 00 00 00 00 00 00 00 00 00 
      080  00 00 00 00 00 00 00 00 00 00 00 00 00 00 00 00 
      090  00 00 00 00 00 00 00 00 00 00 00 00 00 00 00 00 
      0a0  00 00 00 00 00 00 00 00 00 00 00 00 00 00 00 00 
      0b0  00 00 00 00 00 00 00 00 00 00 00 00 00 00 00 00 
      0c0  00 00 00 00 00 00 00 00 00 00 00 00 00 00 00 00 
      0d0  00 00 00 00 00 00 00 00 00 00 00 00 00 00 00 00 
      0e0  00 00 00 00 00 00 00 00 00 00 00 00 00 00 00 00 
      0f0  00 00 00 00 00 00 00 00 00 00 00 00 00 00 00 00 
      100  00 00 00 00 00 00 00 00 00 00 00 00 00 00 00 00 
      110  00 00 00 00 00 00 00 00 00 00 00 00 00 00 00 00 
      120  00 00 00 00 00 00 00 00 00 00 00 00 00 00 00 00 
      130  00 00 00 00 00 00 00 00 00 00 00 00 00 00 00 00 
      140  00 00 00 00 00 00 00 00 00 00 00 00 00 00 00 00 
      150  00 00 00 00 00 00 00 00 00 00 00 00 00 00 00 00 
      160  00 00 00 00 00 00 00 00 00 00 00 00 00 00 00 00 
      170  00 00 00 00 00 00 00 00 00 00 00 00 00 00 00 00 
      180  00 00 00 00 00 00 00 00 00 00 00 00 00 00 00 00 
      190  00 00 00 00 00 00 00 00 00 00 00 00 00 00 00 00 
      1a0  00 00 00 00 00 00 00 00 00 00 00 00 00 00 00 00 
      1b0  00 00 00 00 00 00 00 00 00 00 00 00 00 00 00 00 
      1c0  00 00 00 00 00 00 00 00 00 00 00 00 00 00 00 00 
      1d0  00 00 00 00 00 00 00 00 00 00 00 00 00 00 00 00 
      1e0  00 00 00 00 00 00 00 00 00 00 00 00 00 00 00 00 
      1f0  00 00 00 00 00 00 00 00 00 00 00 00 00 00 00 
    --- report id 72 (0x48), 511 bytes ---
      000  48 00 00 00 00 00 00 00 00 00 00 00 00 00 00 00 
      010  00 00 00 00 00 00 00 00 00 00 00 00 00 00 00 00 
      020  00 00 00 00 00 00 00 00 00 00 00 00 00 00 00 00 
      030  00 00 00 00 00 00 00 00 00 00 00 00 00 00 00 00 
      040  00 00 00 00 00 00 00 00 00 00 00 00 00 00 00 00 
      050  00 00 00 00 00 00 00 00 00 00 00 00 00 00 00 00 
      060  00 00 00 00 00 00 00 00 00 00 00 00 00 00 00 00 
      070  00 00 00 00 00 00 00 00 00 00 00 00 00 00 00 00 
      080  00 00 00 00 00 00 00 00 00 00 00 00 00 00 00 00 
      090  00 00 00 00 00 00 00 00 00 00 00 00 00 00 00 00 
      0a0  00 00 00 00 00 00 00 00 00 00 00 00 00 00 00 00 
      0b0  00 00 00 00 00 00 00 00 00 00 00 00 00 00 00 00 
      0c0  00 00 00 00 00 00 00 00 00 00 00 00 00 00 00 00 
      0d0  00 00 00 00 00 00 00 00 00 00 00 00 00 00 00 00 
      0e0  00 00 00 00 00 00 00 00 00 00 00 00 00 00 00 00 
      0f0  00 00 00 00 00 00 00 00 00 00 00 00 00 00 00 00 
      100  00 00 00 00 00 00 00 00 00 00 00 00 00 00 00 00 
      110  00 00 00 00 00 00 00 00 00 00 00 00 00 00 00 00 
      120  00 00 00 00 00 00 00 00 00 00 00 00 00 00 00 00 
      130  00 00 00 00 00 00 00 00 00 00 00 00 00 00 00 00 
      140  00 00 00 00 00 00 00 00 00 00 00 00 00 00 00 00 
      150  00 00 00 00 00 00 00 00 00 00 00 00 00 00 00 00 
      160  00 00 00 00 00 00 00 00 00 00 00 00 00 00 00 00 
      170  00 00 00 00 00 00 00 00 00 00 00 00 00 00 00 00 
      180  00 00 00 00 00 00 00 00 00 00 00 00 00 00 00 00 
      190  00 00 00 00 00 00 00 00 00 00 00 00 00 00 00 00 
      1a0  00 00 00 00 00 00 00 00 00 00 00 00 00 00 00 00 
      1b0  00 00 00 00 00 00 00 00 00 00 00 00 00 00 00 00 
      1c0  00 00 00 00 00 00 00 00 00 00 00 00 00 00 00 00 
      1d0  00 00 00 00 00 00 00 00 00 00 00 00 00 00 00 00 
      1e0  00 00 00 00 00 00 00 00 00 00 00 00 00 00 00 00 
      1f0  00 00 00 00 00 00 00 00 00 00 00 00 00 00 00 

DEV  \\?\hid#mshw0485&col02#3&3b13a23&0&0001#{4d1e55b2-f16f-11cf-88cb-001111000030}
  usagePage=0x000D usage=0x0F inputLen=7488 featureLen=120 featBtnCaps=1 featValCaps=0
  feature reports that respond:
    --- report id 5 (0x05), 120 bytes ---
      000  05 01 00 00 00 00 00 00 00 00 00 00 00 00 00 00 
      010  00 00 00 00 00 00 00 00 00 00 00 00 00 00 00 00 
      020  00 00 00 00 00 00 00 00 00 00 00 00 00 00 00 00 
      030  00 00 00 00 00 00 00 00 00 00 00 00 00 00 00 00 
      040  00 00 00 00 00 00 00 00 00 00 00 00 00 00 00 00 
      050  00 00 00 00 00 00 00 00 00 00 00 00 00 00 00 00 
      060  00 00 00 00 00 00 00 00 00 00 00 00 00 00 00 00 
      070  00 00 00 00 00 00 00 00 
    --- report id 6 (0x06), 120 bytes ---
      000  06 77 00 00 00 00 00 00 70 00 00 00 00 02 01 2e 
      010  00 00 00 44 00 00 00 fd 6a 00 00 53 47 00 00 01 
      020  41 65 cc 43 00 00 00 00 00 00 00 00 00 00 00 00 
      030  b6 e0 ca 43 00 00 00 00 00 00 32 43 00 00 36 43 
      040  00 00 34 43 00 00 80 3f 00 00 32 43 00 00 36 43 
      050  00 00 34 43 00 00 80 3f 00 00 b4 42 00 00 2b 43 
      060  00 00 c8 42 00 00 a0 41 00 00 2c 43 00 00 31 43 
      070  00 00 2f 43 00 00 00 40 
    --- report id 17 (0x11), 120 bytes ---
      000  11 01 00 90 01 00 00 00 00 00 00 00 00 00 00 e0 
      010  95 69 3f a6 e6 49 42 01 00 00 00 00 00 00 00 00 
      020  00 00 00 00 00 00 00 74 02 00 00 00 00 00 00 00 
      030  00 00 00 00 00 00 00 00 00 00 00 00 00 00 00 00 
      040  00 00 00 00 00 00 00 00 00 00 00 00 00 00 00 00 
      050  00 00 00 00 00 00 00 00 00 00 00 00 00 00 00 00 
      060  00 00 00 00 00 00 00 00 00 00 00 00 00 00 00 00 
      070  00 00 00 00 00 00 00 00 

